          project flat earth


r = 7000.99693     2.00101     7.00503 
v =    0.99186     1.00000     4.99999 
